1100111001011100
0011001001000101
1100111010010100
0001010010110100
0101110000000010
0101001110011011
0111100111010011
0111000010100011
0111111111111111
0100011010011001
0111111111111111
0100000010010110
0111111111111111
0110111001100100
0111111111111111
0101011001000010
0110111001111000
0111111100000100
1111010110110010
1110101001001101
1101101010110000
0011010101101101
0001000101010000
1101001001001100
0001100110010010
1101000101011010
1000000000000000
1000001111000111
1000000000000000
1011101110100001
1000000000000000
1000000000000000
1000000000000000
1000000000000000
1010001110100011
1001100000011100
1001011100110010
1010010001010101
1001111111111100
1000010010001111
1100111101010101
1010100000001101
1010111011100011
1100000010001100
0010000101011111
0011100000010100
1101101100001010
0010110101100110
0100110110110111
0011100110010010
0111111000101010
0111010011010001
0110110101010101
0110001110011101
0111111111111111
0111111111111111
0111111111111111
0111000111000000
0111111111111111
0100100001000110
0110100000110001
0111111111111111
0011111110101011
0001010101100001
0111010101000011
0000101011100010
0001010010011100
1101000000000011
1110101001001011
1110000001011001
1011110101110001
1011101110100000
1101001000000001
1000000000000000
1001010100110011
1000000000000000
1000001011110001
1100111000101111
1010011011111011
1000010000000111
1000000000000000
1010011111101101
1100011111011011
1010101000110101
1111100101000010
1010011010011111
1000011110101100
1100101111110000
1111010001001001
1111111101111000
1111111000101011
0110011111011000
0000000010001010
0011110011110110
0011011011100111
0101011001001111
0101011111000010
0111111111111111
0101001111101010
0101111010110111
0111111111111111
0111111111111111
0010101100001111
0111111111111111
0011111111110011
0111000101000111
0111001101010110
0110111010111010
0001001101100100
0001011110101001
1111110111111100
1101100111010110
1110101101101010
1101110110100100
1011000010010000
1011010100110010
0000111010110011
1001011010110111
1010101001110000
1000000000000000
1000000000000000
1000000000000000
1001011110001010
1000000000000000
1000000000000000
1001001111000100
1000101001000100
1011001110011100
1011100111010011
1110001110000110
1111101101000011
1011001011000110
1011110011010010
0010000100010101
0010101100011010
0000101000000101
0111001001111010
0101000011001001
0110000111100101
0111001110001011
0111111111111111
0111111111111111
0111001100011110
0011100111001111
0111111111111111
0101011011010001
0111111111111111
0101011011111101
0111111111111111
0011011111000100
0001110101010000
0110000110001000
1111001011100011
0011010000000100
0001100000011010
1110111001011101
1101010001011101
0010010000011011
1011000100111101
1010100110010010
1000000000000000
1000000000000000
1000000000000000
1100110001110101
1000000000000000
1000000000000000
1000000000000000
1010000001010110
1000000000000000
1010101000010101
1000000000000000
1010000110101001
1000000000000000
1101101000010110
1111000100100000
1100101011001111
0000010110010000
0001000110000101
0100101111011000
0011001110001001
0110100011100010
0100100101001000
0100000101100011
0110010111011010
0110100011111101
0111111111111111
0111101100011000
0101110110110110
0111100101001101
0111111111111111
0110011010101111
0101010100010111
0111111111111111
0101110111001011
0011110100100100
0001111010000010
1110111111100001
0010000001110110
1111101101011111
0000001011100100
1010100100000010
0000100000000100
1101010110110101
1000000000000000
1100111111001100
1000000101011110
1001101110011011
1001000011000011
1000000000000000
1000000000000000
1001011000001010
1000000000000000
1000000000000000
1010000011000100
1000000000000000
1100000011010010
1011100110001101
1001101010101001
1111010100111101
1111100000001111
0010100110010010
1110010011111011
1111011011101001
0011100101010001
0101100000110111
0110111000010011
0101101010011100
0101110011000010
0111111111111111
0111111111111111
0111111111111111
0111111111111111
0110100001110011
0111111111111111
0110010010000111
0111101001000111
0111111111111111
0111111111111111
0110010100010111
0111010111001001
0111100001101010
1100111100111010
1100001000000111
1101001001110100
1001010011100001
1100010111000101
1011010111111001
1011111001010000
1011000111100011
1000000000000000
1000000000000000
1010100010100011
1000000000000000
1000000000000000
1000000010101000
1000101011100101
1000000000000000
1010100111001101
1010000111000000
1001101111000010
1011000000110101
1101001110111100
1011111111001100
1011100001100000
1110111011000110
0000110010000101
0010110111111011
0010100110110011
0010100100011000
0110001100111001
0101010001110011
0111111111111111
0110101110101011
0111011011100101
0111100011011101
0101101000110011
0101101001001011
0101011010100100
0111111111111111
0110100101100001
0111111111111111
0110101001100101
0111111111111111
0110010100100000
1111110110000110
0001000010010001
0010111111101101
0000010101001001
0100001100111000
1101010000000001
1000011001100011
1100011110100001
1000001010110101
1001110101011101
1011110011001001
1001010110101001
1000111111000010
1000000000000000
1000000000000000
1000000000000000
1000000000000000
1001111000000101
1011111110100000
1000000000000000
1000000000000000
1101100010111110
1001001011110011
1001110101010011
0001001100110001
1110101011111101
0100100111110110
1111010011100100
0010000100011111
0101001101100011
0110110111110110
0111011100000000
0111011000100011
0110110100101011
0110010010110101
0111111111111111
0111000000111110
0111111111111111
0111111111111111
0001011101000101
0111111111111111
0100001111101111
0111111111111111
0111111111111011
1111010101101100
0010011010111111
0111111111111111
1111001011000001
1111110100000010
1110010100001111
1111101000100110
1110001101001001
1000001010100010
1000101011000000
1001111111111000
1000011110000100
1110101010101110
1001001010001010
1001000111000111
1000000000000000
1000000000000000
1010110101101100
1000111010000101
1011110000100011
1000110101111010
1110001001001101
1000010011100001
0001111011110010
0001001110110101
0000100000011011
1110011011001000
0001011101100000
0100001010100110
0111100011111101
0010110010001110
0111111111111111
0111111111111111
0110000110111000
0111111111111111
0110010010000010
0011101001110110
0111111111111111
0111111111111111
0101111001110011
0110111010011010
0101010101110011
0001011001101001
1100111000010100
0011000010100011
0000111010100001
1111100000011111
1101101100000110
1010000110010001
1100010001001001
1100111100000000
1000110110101101
1011110010000101
1001001010011101
1000111011101010
1000000000000000
1000000000000000
1001000110011001
1000000000000000
1000100000110000
1101010111100010
1010110010101100
1011111101111000
0000000000101100
1101110101001101
1100110010010101
0001101110010110
1011100100101000
1101010000000110
0101001110000100
0010011001011110
0010010000000110
0100100101000010
0011101111100110
0100100100110111
0101001000011010
0101011000010011
0100111011011000
0111100011001010
0110011110100000
0111111111111111
0111111111111111
0111111111111111
0110111000111111
0110011110111001
0111111111111111
0111111111111111
0100010110100000
0111100010111011
0011011001011100
0010000000110000
0101011111010000
0010101100010101
1111111111011110
1101101001100101
1010010001100010
1010011011111100
1110100010010101
1000000000000000
1000000000000000
1000000000000000
1000011100111101
1000000000000000
1001011011001000
1010001011010101
1000000000000000
1000100111111100
1000000000000000
1110111000011000
1100101000001111
1100000011001001
1011011010001111
1111000111010010
0100010000101100
0001110101010001
0011001001001000
0000010001111001
0100101111001001
0111001100010100
0010100010101000
0111111111111111
0111111111111111
0011101110100110
0010101011111100
0111110100001111
0111111111111111
0111011110101000
0110111001000001
0110110001000110
0011011000010011
0001000111010000
0111111111111111
0100000110111011
1111010011001001
0011111010100000
1100110001100110
1110100111001101
1111101011100001
1010100110111110
1010110110010000
1010111000111011
1110111100001110
1010011110001111
1000000000000000
1000000000000000
1000000000000000
1011010011100111
1000000000000000
1000000000000000
1001010010110011
1000111110101100
1011111001011010
1101000111001101
1110010101101010
1110001101111011
1111001111100000
0011100100001111
1100111100111001
0000001001001111
1101110110011110
0101100010011011
0100010001100100
0100011000101001
0001100110110100
0111000111110010
0110100100000001
0100001101010111
0100111110000010
0110000100100010
0111010011011111
0011100010111001
0110111000001011
0111111111111111
0101001100011001
0011100101110110
0101001110101000
0110010000011010
0001010010000101
0000000111111101
1100100010011110
1100100011110111
1111011100101101
1100100011011000
1101110000110100
1100100110001010
1011000001110101
1011010100000101
1100101010001011
1001110101110011
1001001100001001
1000000000000000
1000000000000000
1000000000000000
1001011101101100
1000000000000000
1011000000000111
1011011010101011
1011101111110010
1101001111011000
1101100101111111
1110100101010101
1111110000000000
0011010000101110
0001110011001110
1100011011010001
0010111001001001
0101100011001101
0111111111111111
0111111111111111
0100110010011101
0111111111111111
0111111111111111
0111011101111111
0111111111111111
0111101011001010
0111101111001110
0111011110001011
0100100001010010
0010110011000011
0110111111110010
0011000001000111
0110000110010110
1111000101000101
1110110010000010
0010101111100000
0001100101100100
1010010101111001
1100011100101110
1110011000011111
1101100001101101
1000000000000000
1100111100110001
1010000101110011
1000101101010000
1000000000000000
1000000000000000
1000011110110010
1000000000000000
1110111100011110
1010001110011111
1010000101000001
1011010111010100
1010110100110110
0010101010101001
0000001000110110
1111110110010000
0011101000110110
0001110101011100
0010110000010100
0010100111011101
0011011010001001
0111111111111111
0111111111111111
0111010101101011
0111111111111111
0111111010101110
0111111111111111
0100010111101111
0111111111111111
0011110000111011
0100011011011001
0111111111111111
0110011010011010
0010011100001010
0010101010101111
0011010001110000
0010000101100000
1100000100011100
1100001101011100
1001101001101101
1100110111100001
1000000000000000
1100110110101110
1000000000000000
1000000000000000
1101011011111110
1101111011001001
1000000000000000
1000000000000000
1100111111110111
1000000000000000
1100111001011111
1011000111100010
1001110100001101
1001100010101010
1111100101110010
1110000100101100
1011101101111000
1111011010001001
1101010100101100
0001000011110101
0101101011101110
0100001111011101
0010000000010000
0101110000011000
0011111101100010
0111111111111111
0010100001110100
0101110110111101
0111111111111111
0101111010001111
0111111111111111
0111111111111111
0111111111111111
0100101000111001
0101111011100001
0100011010011011
0100011100110011
0100101101011110
0001001010111101
0011101010100100
0001100101111001
1110001011011101
1110111100100010
1111101001011010
1110101000101111
1100110111000011
1010001001100001
1000000000001101
1001100001110010
1000000000000000
1000000000000000
1010010110111011
1011101011101110
1001101100100001
1101101101001110
1000000000000000
1001101010011101
1010100110000011
1111010011001011
1101011100010011
1100011001000010
1111101101001001
0001000011100101
0001000010000001
1100100100010101
0101011000001011
1010111111100100
0101000011111101
0001101110001110
0101011111101110
0111111111111111
0110001100000101
0111111111111111
0111111111111111
0111010110111010
0101100010011100
0110010000001100
0111111111001001
0000011011100110
0111001111100010
0101100010011001
0101111100101000
0111111111111111
0000111011101111
1110001001010101
0010011110001100
0000100111110100
1100111001110000
1010101110010001
1011111001000001
1000000000000000
1001110011101100
1000000000000000
1000000000000000
1010101001100100
1000000110101001
1011011011101101
1000000000000000
1001000101001011
1000000000000000
1011000110100111
1101100100110010
1101101101101011
1000000000000000
1110110101000010
1110001101101101
0000001010011010
1111000100100010
1101011010001001
0100111100001110
0010011100010101
0011110110111101
0101111111011100
0111111111111111
0111111111111111
0100000111000110
0110100101100100
0111111111111111
0010101111101000
0111111111111111
0110101111111010
0111111111111111
0100010001010000
0011011011101101
0111111111111111
0101011101100111
0010001010100110
1111010000000001
0011100001111111
0000011101111000
1000101111100101
1011000101100001
0011110101101011
1011010100101101
1000000000000000
1000000000000000
1000000000101000
1010010101001101
1000000000000000
1000010010110101
1000000000000000
1000000000000000
1011011001101111
1000000000000000
1000010011001010
1010101100000000
1010110111011000
1010101010000000
1101010100011101
0011011011010100
0000100100101010
1110101011110100
1111010001100001
0001111110000111
1111101000110011
0111111111111111
0101111111111110
0011010011111011
0111001101000101
0011110000001011
0111111111111111
0111011111111000
0111111111111111
0111111111111111
0111111111111111
0101000110001001
0010110110011001
0101100101010000
0010111011011010
0101001001100001
1110010111001110
0100001001010110
0001101000001110
1100111001110011
1101110001111100
1111100110010101
0010100100001010
1010100011101111
1110000011100000
1000000000000000
1001101001110011
1000000101111011
1001000111011001
1000000000000000
1000000000000000
1000000000000000
1001100000101101
1000000000000000
1000111100001010
1011001000100010
1100010011110101
1010000001011000
1100001101101011
0000001011000101
1111111011010101
1100110100010111
0101010001101110
0000111010000010
0001110000010101
0000111001111011
0101000111110100
0101111011000100
0110000001100101
0101001111001001
0011100001111011
0111111111111111
0111111111111111
0110111110101101
0111010101000000
0111111111111111
0110100110000101
0100011110101011
0111011101100001
0001010010101011
0111111111111111
1101100111111011
0000001001100000
0010000010010101
1110111111100101
1001110010010001
1110110111000111
1011111101000011
1000100101010000
1010110111111111
1011000110100000
1110001100000011
1000000011000000
1000000000000000
1000000000000000
1000000000000000
1001101011101110
1000000000000000
1000101010001111
1001010110000001
1100111111101111
1000000000000000
1111000111000100
1100100011000001
1011101101001100
0000000101111000
0001110101101100
0001010010001111
1111101100111100
0111011101101011
0101110100000110
0100010100100101
0111111111111111
0111111111111111
0100011111101001
0111111111111111
0011011101010001
0101001110101110
0111111111111111
0111111111111111
0110110111100000
0001000110111010
0111010000011100
0111011101011101
0110001101111010
0000110000000101
0000000101010100
1101010111101000
1111011100001101
1110010101011010
1010101011100011
1101111101100101
1100111000100100
1011100101101111
1000000000000000
1000000000000000
1001111101110000
1011101111010000
1000000000000000
1000000000000000
1011111101101100
1000100100110110
1100010000100111
1100011101010010
1000000000000000
1010100101110101
1010100100100110
1110001101001011
0001110100001000
0000001001000100
