0000000000100001
0000000000100001
0000000000010110
1111111111111110
1111111111011010
1111111110110000
1111111110010001
1111111110010110
1111111111010001
0000000001000100
0000000011010100
0000000101001111
0000000101110010
0000000100000101
1111111111111000
1111111001111000
1111110011110101
1111110000001100
1111110001011110
1111111001011111
0000001000100011
0000011101001001
0000110100000000
0001001000111000
0001010111100000
0001011100110001
0001010111100000
0001001000111000
0000110100000000
0000011101001001
0000001000100011
1111111001011111
1111110001011110
1111110000001100
1111110011110101
1111111001111000
1111111111111000
0000000100000101
0000000101110010
0000000101001111
0000000011010100
0000000001000100
1111111111010001
1111111110010110
1111111110010001
1111111110110000
1111111111011010
1111111111111110
0000000000010110
0000000000100001
0000000000100001