0.0010111
0.0009929
0.0006728
-0.0000462
-0.0011675
-0.0024549
-0.0033768
-0.0032267
-0.0014301
0.0020620
0.0064787
0.0102251
0.0112808
0.0079502
-0.0002578
-0.0119599
-0.0237687
-0.0308884
-0.0283730
-0.0127205
0.0166997
0.0569020
0.1015608
0.1423344
0.1709094
0.1811812
0.1709094
0.1423344
0.1015608
0.0569020
0.0166997
-0.0127205
-0.0283730
-0.0308884
-0.0237687
-0.0119599
-0.0002578
0.0079502
0.0112808
0.0102251
0.0064787
0.0020620
-0.0014301
-0.0032267
-0.0033768
-0.0024549
-0.0011675
-0.0000462
0.0006728
0.0009929
0.0010111